0 7
0 6
0 6
0 5
0 0
0 4
0 0
0 4
0 1
0 1
0 6
0 6
0 2
0 0
0 5
0 1
0 3
0 6
0 5
0 7
0 3
0 1
0 5
0 0
0 5
0 5
0 4
0 7
0 1
0 7
0 6
0 0
0 3
0 6
0 2
0 6
0 2
0 7
0 2
0 4
0 0
0 4
0 7
0 0
0 7
0 7
0 2
0 6
0 7
0 1
0 7
0 2
0 3
0 3
0 5
0 1
0 4
0 3
0 0
0 6
0 0
0 2
0 0
0 4
0 7
0 2
0 6
0 1
0 2
0 5
0 3
0 4
0 1
0 3
0 3
0 5
0 7
0 6
0 1
0 1
0 6
0 4
0 1
0 3
0 1
0 5
0 0
0 3
0 5
0 2
0 5
0 7
0 3
0 7
0 7
0 4
0 3
0 5
0 1
0 6
0 6
1 1
0 3
0 0
0 7
0 1
0 6
0 4
0 2
0 6
0 4
0 6
0 1
0 0
0 7
0 4
0 5
0 3
0 7
0 7
0 5
0 2
0 2
0 5
0 5
0 3
0 1
0 7
0 6
0 4
0 2
0 5
0 5
0 6
0 2
0 2
0 5
0 0
0 6
0 1
0 5
0 0
0 3
0 4
0 5
0 0
0 6
0 3
0 7
0 3
0 2
0 1
0 1
0 3
0 5
0 5
0 2
0 4
0 4
0 3
0 2
0 7
0 6
0 7
0 2
0 6
0 5
0 0
0 3
0 5
0 1
0 2
0 6
0 6
0 3
0 2
0 4
0 2
0 6
0 0
0 1
0 1
0 4
0 0
0 7
0 3
0 1
0 2
0 2
0 1
0 1
0 3
0 2
0 0
0 6
0 7
0 0
0 5
0 4
0 6
0 7
0 2
5010 2
7931 1
2440 7
-257 6
2162 3
-7737 6
5179 2
7234 5
592 2
1443 3
-4963 5
-2188 1
-1634 0
-5272 1
4583 0
-560 0
283 0
4962 3
-2829 4
1433 2
-3863 5
3475 5
-5188 1
322 4
2052 4
-5788 2
5403 2
5861 5
-356 1
-2265 2
-7348 1
-7081 5
5442 2
-6883 4
692 1
-2702 6
-4233 1
7884 5
-989 3
621 1
-3692 1
3534 7
3747 6
485 6
-3581 0
2641 0
759 7
2265 2
-7672 3
-1191 4
-5030 1
6366 1
1108 7
-1811 6
-529 0
-1948 3
-2806 2
4064 2
-5366 4
-1196 5
4270 4
4012 4
-2393 4
-4514 5
-1055 1
-1535 0
-3662 6
-7140 3
4238 1
4707 1
-3643 3
-1561 7
2801 4
-2451 1
-4765 7
2719 5
5577 6
2738 6
-2180 1
-1448 1
-4020 4
478 0
-4908 2
-3458 3
-6213 7
1154 2
-3731 4
-3666 6
7157 5
65 4
-4469 7
7460 0
1779 0
-612 3
-1393 7
6735 3
4704 0
1958 0
1305 6
5495 3
2062 0
